1 -10.6622462 -55.7020965
2 -10.6621042 -55.7006262
3 -10.6621350 -55.7009195
4 -10.6619216 -55.7017323
5 -10.6617114 -55.7006430
6 -10.6614578 -55.7021008
7 -10.6623458 -55.7008562
8 -10.6607993 -55.7010698
9 -10.6614441 -55.7020613
10 -10.6624103 -55.7007592
11 -10.6622411 -55.7010427
12 -10.6616062 -55.7012930
13 -10.6614402 -55.7018313
14 -10.6621454 -55.7016663
15 -10.6611994 -55.7004207
16 -10.6613289 -55.7010036
17 -10.6608895 -55.7013584
18 -10.6617673 -55.7011684
19 -10.6613673 -55.7003342
20 -10.6612822 -55.7006776
21 -10.6619991 -55.7021270
22 -10.6609431 -55.7013295
23 -10.6621153 -55.7004118
24 -10.6616942 -55.7009408
25 -10.6625095 -55.7021453
26 -10.6618437 -55.7020398
27 -10.6613852 -55.7004807
28 -10.6607740 -55.7008080
29 -10.6621065 -55.7009781
30 -10.6620375 -55.7008971
31 -10.6615873 -55.7014447
32 -10.6619697 -55.7008072
33 -10.6610357 -55.7021516
34 -10.6608048 -55.7017225
35 -10.6616660 -55.7016598
36 -10.6623211 -55.7019431
37 -10.6611326 -55.7020338
38 -10.6609684 -55.7021044
39 -10.6618774 -55.7016397
40 -10.6613042 -55.7013587
41 -10.6624064 -55.7016220
42 -10.6624598 -55.7017508
43 -10.6609953 -55.7008602
44 -10.6614164 -55.7008386
45 -10.6610549 -55.7013890
46 -10.6622928 -55.7004348
47 -10.6611410 -55.7015314
48 -10.6617735 -55.7016525
49 -10.6623816 -55.7013174
50 -10.6621305 -55.7005916
51 -10.6615143 -55.7019965
52 -10.6607536 -55.7007721
53 -10.6608795 -55.7018886
54 -10.6610109 -55.7017450
55 -10.6616119 -55.7014152
56 -10.6620103 -55.7010608
57 -10.6611869 -55.7005430
58 -10.6624200 -55.7007119
59 -10.6610514 -55.7006227
60 -10.6619371 -55.7013293
61 -10.6614397 -55.7003595
62 -10.6623758 -55.7005242
63 -10.6623387 -55.7018200
64 -10.6622381 -55.7012172
65 -10.6619337 -55.7008797
66 -10.6619593 -55.7018132
67 -10.6624917 -55.7020830
68 -10.6616171 -55.7017139
69 -10.6621461 -55.7009758
70 -10.6621019 -55.7007083
71 -10.6625490 -55.7016493
72 -10.6625047 -55.7016131
73 -10.6617255 -55.7019667
74 -10.6616346 -55.7017176
75 -10.6614208 -55.7014563
76 -10.6609891 -55.7020946
77 -10.6622914 -55.7006131
78 -10.6608300 -55.7009290
79 -10.6611581 -55.7014094
80 -10.6610167 -55.7009176
81 -10.6610735 -55.7010371
82 -10.6612746 -55.7014736
83 -10.6621215 -55.7007040
84 -10.6617695 -55.7011326
85 -10.6613701 -55.7016162
86 -10.6624678 -55.7016917
87 -10.6620049 -55.7014598
88 -10.6616076 -55.7007994
89 -10.6612997 -55.7006079
90 -10.6612113 -55.7014710
91 -10.6611691 -55.7018702
92 -10.6610945 -55.7009999
93 -10.6623207 -55.7010429
94 -10.6610588 -55.7006710
95 -10.6609693 -55.7018576
96 -10.6614904 -55.7020809
97 -10.6623552 -55.7005944
98 -10.6622326 -55.7004477
99 -10.6622442 -55.7013929
100 -10.6608402 -55.7003229
101 -10.6608031 -55.7018511
102 -10.6621331 -55.7005582
103 -10.6609138 -55.7010412
104 -10.6617264 -55.7016133
105 -10.6615424 -55.7020838
106 -10.6625085 -55.7004817
107 -10.6608325 -55.7003635
108 -10.6620271 -55.7012907
109 -10.6614809 -55.7014436
110 -10.6623321 -55.7014828
111 -10.6612064 -55.7014326
112 -10.6611757 -55.7005574
113 -10.6613847 -55.7008538
114 -10.6624263 -55.7009893
115 -10.6618423 -55.7020723
116 -10.6609839 -55.7019847
117 -10.6613980 -55.7008751
118 -10.6619466 -55.7021227
119 -10.6624845 -55.7005103
120 -10.6616434 -55.7015122
121 -10.6621881 -55.7015326
122 -10.6622800 -55.7007127
123 -10.6611099 -55.7012566
124 -10.6608596 -55.7003596
125 -10.6622777 -55.7019069
126 -10.6624972 -55.7011434
127 -10.6613297 -55.7010508
128 -10.6619617 -55.7013285
129 -10.6614426 -55.7020284
130 -10.6612304 -55.7005342
131 -10.6616471 -55.7020522
132 -10.6624239 -55.7020033
133 -10.6622872 -55.7020799
134 -10.6613665 -55.7003659
135 -10.6620206 -55.7006186
136 -10.6619460 -55.7017193
137 -10.6623646 -55.7008499
138 -10.6619016 -55.7006001
139 -10.6618893 -55.7005177
140 -10.6609560 -55.7017498
141 -10.6623679 -55.7010138
142 -10.6623752 -55.7014288
143 -10.6621642 -55.7014041
144 -10.6619892 -55.7012844
145 -10.6617894 -55.7017124
146 -10.6608032 -55.7012078
147 -10.6624055 -55.7006641
148 -10.6610863 -55.7003821
149 -10.6613069 -55.7009935
150 -10.6620830 -55.7017719
151 -10.6609309 -55.7017454
152 -10.6618802 -55.7018771
153 -10.6615917 -55.7016168
154 -10.6619456 -55.7011891
155 -10.6609106 -55.7009462
156 -10.6621138 -55.7010341
157 -10.6623500 -55.7006339
158 -10.6616072 -55.7013508
159 -10.6608836 -55.7006213
160 -10.6614830 -55.7009990
161 -10.6616954 -55.7017094
162 -10.6613377 -55.7004188
163 -10.6610892 -55.7019675
164 -10.6620973 -55.7015985
165 -10.6615101 -55.7017238
166 -10.6618707 -55.7007120
167 -10.6624753 -55.7018349
168 -10.6608140 -55.7004922
169 -10.6623017 -55.7013368
170 -10.6609501 -55.7019385
171 -10.6616060 -55.7011522
172 -10.6623282 -55.7009987
173 -10.6624597 -55.7003254
174 -10.6613450 -55.7018593
175 -10.6613023 -55.7012581
176 -10.6615657 -55.7018972
177 -10.6617597 -55.7021020
178 -10.6618723 -55.7005547
179 -10.6622263 -55.7019815
180 -10.6625097 -55.7013379
181 -10.6613000 -55.7003979
182 -10.6612295 -55.7004606
183 -10.6617987 -55.7012913
184 -10.6611858 -55.7012821
185 -10.6618808 -55.7004914
186 -10.6620226 -55.7010972
187 -10.6616887 -55.7005745
188 -10.6611308 -55.7014387
189 -10.6622252 -55.7017124
190 -10.6615013 -55.7015155
191 -10.6613733 -55.7008703
192 -10.6625161 -55.7013125
193 -10.6615973 -55.7010227
194 -10.6624602 -55.7019071
195 -10.6612382 -55.7020528
196 -10.6611892 -55.7018575
197 -10.6618950 -55.7004965
198 -10.6617112 -55.7020340
199 -10.6613129 -55.7018371
200 -10.6616130 -55.7014256
201 -10.6618070 -55.7020678
202 -10.6612020 -55.7004749
203 -10.6625368 -55.7004913
204 -10.6617497 -55.7004560
205 -10.6616293 -55.7008798
206 -10.6609614 -55.7016315
207 -10.6611032 -55.7016619
208 -10.6624292 -55.7017156
209 -10.6620932 -55.7014780
210 -10.6608469 -55.7011891
211 -10.6612950 -55.7005751
212 -10.6612062 -55.7017664
213 -10.6624886 -55.7015869
214 -10.6608987 -55.7004714
215 -10.6619668 -55.7013942
216 -10.6613111 -55.7019749
217 -10.6609853 -55.7016006
218 -10.6608581 -55.7014324
219 -10.6617366 -55.7019308
220 -10.6612693 -55.7008067
221 -10.6624633 -55.7006318
222 -10.6617700 -55.7021189
223 -10.6614867 -55.7018170
224 -10.6617353 -55.7013540
225 -10.6614822 -55.7016737
226 -10.6618896 -55.7005207
227 -10.6618363 -55.7012279
228 -10.6611335 -55.7006588
229 -10.6615282 -55.7005405
230 -10.6625287 -55.7021328
231 -10.6608150 -55.7021409
232 -10.6624983 -55.7019699
233 -10.6611034 -55.7021274
234 -10.6624830 -55.7009067
235 -10.6615574 -55.7007306
236 -10.6608662 -55.7020310
237 -10.6623740 -55.7017555
238 -10.6617964 -55.7019951
239 -10.6616482 -55.7003432
240 -10.6622787 -55.7015319
241 -10.6609508 -55.7018860
242 -10.6625136 -55.7006738
243 -10.6622147 -55.7005785
244 -10.6621770 -55.7013042
245 -10.6624702 -55.7006189
246 -10.6617976 -55.7005414
247 -10.6623485 -55.7008141
248 -10.6623513 -55.7010798
249 -10.6612928 -55.7015617
250 -10.6621918 -55.7013838
251 -10.6609702 -55.7007660
252 -10.6610693 -55.7010834
253 -10.6608658 -55.7012912
254 -10.6618344 -55.7015677
255 -10.6616221 -55.7012554
256 -10.6612904 -55.7014604
257 -10.6620739 -55.7004110
258 -10.6618126 -55.7007657
259 -10.6620555 -55.7019324
260 -10.6610710 -55.7008952
261 -10.6607798 -55.7020892
262 -10.6623871 -55.7006602
263 -10.6620134 -55.7015452
264 -10.6612258 -55.7015658
265 -10.6618132 -55.7017976
266 -10.6616638 -55.7008814
267 -10.6615190 -55.7016976
268 -10.6613321 -55.7014635
269 -10.6619173 -55.7016259
270 -10.6609619 -55.7003858
271 -10.6618170 -55.7005257
272 -10.6625489 -55.7005735
273 -10.6618155 -55.7006131
274 -10.6619621 -55.7021372
275 -10.6615272 -55.7005290
276 -10.6614695 -55.7019846
277 -10.6610275 -55.7007575
278 -10.6616175 -55.7017451
279 -10.6619572 -55.7013425
280 -10.6617763 -55.7019452
281 -10.6620908 -55.7020325
282 -10.6619726 -55.7009100
283 -10.6622678 -55.7016061
284 -10.6615632 -55.7010040
285 -10.6619592 -55.7004337
286 -10.6622567 -55.7015441
287 -10.6612418 -55.7014046
288 -10.6623111 -55.7008111
289 -10.6621901 -55.7006683
290 -10.6610563 -55.7007269
291 -10.6624487 -55.7015009
292 -10.6607519 -55.7004295
293 -10.6617575 -55.7007557
294 -10.6607915 -55.7003904
295 -10.6612972 -55.7003932
296 -10.6616022 -55.7005577
297 -10.6617885 -55.7009397
298 -10.6616799 -55.7005768
299 -10.6607780 -55.7005244
300 -10.6615298 -55.7010905
301 -10.6608660 -55.7020578
302 -10.6608378 -55.7014458
303 -10.6609939 -55.7019780
304 -10.6618039 -55.7014626
305 -10.6619894 -55.7011561
306 -10.6610155 -55.7014637
307 -10.6615474 -55.7011267
308 -10.6618542 -55.7019186
309 -10.6609391 -55.7004069
310 -10.6620857 -55.7021152
311 -10.6609675 -55.7016909
312 -10.6618894 -55.7016603
313 -10.6622435 -55.7014051
314 -10.6621758 -55.7018844
315 -10.6612402 -55.7014874
316 -10.6617521 -55.7004985
317 -10.6617459 -55.7017606
318 -10.6613351 -55.7017116
319 -10.6621581 -55.7007840
320 -10.6622654 -55.7007519
321 -10.6618535 -55.7009893
322 -10.6615997 -55.7020122
323 -10.6610121 -55.7017809
324 -10.6608482 -55.7013628
325 -10.6624582 -55.7018534
326 -10.6608136 -55.7011091
327 -10.6621336 -55.7006402
328 -10.6625165 -55.7012597
329 -10.6609523 -55.7020784
330 -10.6610167 -55.7011894
331 -10.6622194 -55.7018059
332 -10.6618228 -55.7019106
333 -10.6611115 -55.7014062
334 -10.6614055 -55.7020280
335 -10.6615757 -55.7010193
336 -10.6611357 -55.7007024
337 -10.6619375 -55.7007759
338 -10.6615149 -55.7019269
339 -10.6618415 -55.7013812
340 -10.6611795 -55.7013981
341 -10.6622339 -55.7003800
342 -10.6618212 -55.7006660
343 -10.6607464 -55.7011160
344 -10.6623593 -55.7015256
345 -10.6608531 -55.7014337
346 -10.6616098 -55.7010253
347 -10.6607949 -55.7006481
348 -10.6618838 -55.7007829
349 -10.6616396 -55.7013026
350 -10.6614825 -55.7021555
351 -10.6619971 -55.7010606
352 -10.6621023 -55.7016022
353 -10.6610810 -55.7018649
354 -10.6621876 -55.7004970
355 -10.6618407 -55.7006348
356 -10.6610776 -55.7012809
357 -10.6611218 -55.7013130
358 -10.6611039 -55.7003781
359 -10.6620446 -55.7015478
360 -10.6616199 -55.7014104
361 -10.6619599 -55.7017383
362 -10.6617832 -55.7013089
363 -10.6617233 -55.7004178
364 -10.6610770 -55.7009899
365 -10.6619934 -55.7009709
366 -10.6611551 -55.7008078
367 -10.6611141 -55.7008049
368 -10.6610899 -55.7009809
369 -10.6617884 -55.7003349
370 -10.6617569 -55.7005696
371 -10.6615980 -55.7019969
372 -10.6621021 -55.7017186
373 -10.6618029 -55.7013240
374 -10.6619517 -55.7008574
375 -10.6613577 -55.7021203
376 -10.6610261 -55.7005851
377 -10.6622841 -55.7015687
378 -10.6625020 -55.7008840
379 -10.6609649 -55.7017649
380 -10.6612939 -55.7004761
381 -10.6609860 -55.7011156
382 -10.6621084 -55.7020549
383 -10.6619471 -55.7005553
384 -10.6616446 -55.7009162
385 -10.6620473 -55.7007754
386 -10.6617865 -55.7015182
387 -10.6624707 -55.7021167
388 -10.6613570 -55.7008552
389 -10.6615374 -55.7005694
390 -10.6623455 -55.7011588
391 -10.6620847 -55.7013790
392 -10.6614869 -55.7011263
393 -10.6620150 -55.7020740
394 -10.6614524 -55.7007729
395 -10.6614848 -55.7014364
396 -10.6616628 -55.7020414
397 -10.6618079 -55.7004514
398 -10.6608631 -55.7007999
399 -10.6617455 -55.7012083
400 -10.6608881 -55.7007409
401 -10.6613600 -55.7010797
402 -10.6618043 -55.7003937
403 -10.6614425 -55.7007064
404 -10.6608150 -55.7004354
405 -10.6625041 -55.7020263
406 -10.6622378 -55.7019523
407 -10.6609848 -55.7010577
408 -10.6618416 -55.7019299
409 -10.6623589 -55.7014686
410 -10.6618733 -55.7013366
411 -10.6617466 -55.7008198
412 -10.6608505 -55.7009281
413 -10.6625459 -55.7013906
414 -10.6621564 -55.7006867
415 -10.6625096 -55.7020502
416 -10.6619591 -55.7013891
417 -10.6619394 -55.7016790
418 -10.6615405 -55.7004059
419 -10.6611506 -55.7005199
420 -10.6610675 -55.7016112
421 -10.6623455 -55.7015053
422 -10.6615268 -55.7015797
423 -10.6625016 -55.7013799
424 -10.6617960 -55.7012069
425 -10.6616240 -55.7008181
426 -10.6616578 -55.7005091
427 -10.6622802 -55.7017476
428 -10.6618820 -55.7007760
429 -10.6618981 -55.7003567
430 -10.6617361 -55.7018499
431 -10.6618758 -55.7007265
432 -10.6608029 -55.7017230
433 -10.6623103 -55.7016618
434 -10.6625284 -55.7009159
435 -10.6615059 -55.7003412
436 -10.6622790 -55.7016152
437 -10.6612852 -55.7009646
438 -10.6619895 -55.7008275
439 -10.6622127 -55.7010452
440 -10.6613301 -55.7014774
441 -10.6615155 -55.7015315
442 -10.6613057 -55.7012466
443 -10.6621465 -55.7011601
444 -10.6622205 -55.7016316
445 -10.6618886 -55.7007075
446 -10.6620957 -55.7017353
447 -10.6624944 -55.7009409
448 -10.6624054 -55.7011349
449 -10.6620139 -55.7020154
450 -10.6624735 -55.7018576
451 -10.6620124 -55.7018081
452 -10.6624633 -55.7005177
453 -10.6619771 -55.7021292
454 -10.6610039 -55.7012153
455 -10.6617971 -55.7007346
456 -10.6611490 -55.7020904
457 -10.6620267 -55.7008069
458 -10.6618633 -55.7011459
459 -10.6608567 -55.7007141
460 -10.6610568 -55.7012922
461 -10.6609495 -55.7015744
462 -10.6612491 -55.7018240
463 -10.6623208 -55.7011266
464 -10.6613943 -55.7007187
465 -10.6610480 -55.7014351
466 -10.6623738 -55.7015439
467 -10.6613910 -55.7012294
468 -10.6620486 -55.7004364
469 -10.6622476 -55.7006616
470 -10.6611687 -55.7016845
471 -10.6612572 -55.7013978
472 -10.6616533 -55.7013254
473 -10.6619304 -55.7015042
474 -10.6610602 -55.7017452
475 -10.6614466 -55.7004321
476 -10.6610448 -55.7008858
477 -10.6612031 -55.7013296
478 -10.6618518 -55.7009974
479 -10.6613885 -55.7006441
480 -10.6617429 -55.7010892
481 -10.6619237 -55.7009801
482 -10.6621527 -55.7010826
483 -10.6614900 -55.7006721
484 -10.6610223 -55.7006388
485 -10.6621796 -55.7006469
486 -10.6620490 -55.7007678
487 -10.6612812 -55.7008290
488 -10.6625201 -55.7016119
489 -10.6615633 -55.7010191
490 -10.6614784 -55.7018770
491 -10.6619915 -55.7015147
492 -10.6612556 -55.7020396
493 -10.6616297 -55.7006328
494 -10.6616940 -55.7020902
495 -10.6623257 -55.7008877
496 -10.6624474 -55.7005676
497 -10.6624642 -55.7004562
498 -10.6620588 -55.7013869
499 -10.6618455 -55.7013938
500 -10.6620700 -55.7004462
501 -10.6607740 -55.7015089
502 -10.6624681 -55.7017621
503 -10.6623552 -55.7016141
504 -10.6608108 -55.7020043
505 -10.6621276 -55.7006829
506 -10.6625484 -55.7009151
507 -10.6623326 -55.7006314
508 -10.6619433 -55.7007477
509 -10.6608134 -55.7019271
510 -10.6622103 -55.7018932
511 -10.6623186 -55.7020266
512 -10.6622948 -55.7012426
513 -10.6619673 -55.7006878
514 -10.6608902 -55.7021544
515 -10.6623676 -55.7016925
516 -10.6618187 -55.7003828
517 -10.6617680 -55.7020018
518 -10.6615231 -55.7013266
519 -10.6613722 -55.7021268
520 -10.6624926 -55.7006440
521 -10.6623938 -55.7014953
522 -10.6618510 -55.7020701
523 -10.6624461 -55.7004857
524 -10.6608431 -55.7009003
525 -10.6615263 -55.7016951
526 -10.6614851 -55.7010569
527 -10.6611921 -55.7003260
528 -10.6615704 -55.7015982
529 -10.6612978 -55.7021207
530 -10.6623289 -55.7006939
531 -10.6613127 -55.7014066
532 -10.6625505 -55.7016695
533 -10.6610112 -55.7016920
534 -10.6618013 -55.7013915
535 -10.6616875 -55.7011564
536 -10.6620354 -55.7008096
537 -10.6610613 -55.7006007
538 -10.6623074 -55.7017428
539 -10.6610436 -55.7005079
540 -10.6616286 -55.7017775
541 -10.6619347 -55.7010285
542 -10.6616357 -55.7013322
543 -10.6617635 -55.7004331
544 -10.6613891 -55.7018646
545 -10.6621303 -55.7003739
546 -10.6623968 -55.7016702
547 -10.6614565 -55.7011272
548 -10.6625023 -55.7020331
549 -10.6616483 -55.7010094
550 -10.6617827 -55.7018360
551 -10.6613528 -55.7005415
552 -10.6615466 -55.7018431
553 -10.6617048 -55.7013649
554 -10.6616814 -55.7016507
555 -10.6618177 -55.7006804
556 -10.6618378 -55.7008922
557 -10.6609641 -55.7019577
558 -10.6612554 -55.7019465
559 -10.6607891 -55.7009593
560 -10.6609818 -55.7008738
561 -10.6619851 -55.7003572
562 -10.6615048 -55.7011064
563 -10.6614979 -55.7003388
564 -10.6623968 -55.7009922
565 -10.6617636 -55.7010357
566 -10.6610110 -55.7017434
567 -10.6623363 -55.7014382
568 -10.6615908 -55.7011253
569 -10.6619437 -55.7018723
570 -10.6616324 -55.7020128
571 -10.6621783 -55.7010338
572 -10.6610435 -55.7016121
573 -10.6612565 -55.7004590
574 -10.6618011 -55.7013748
575 -10.6621862 -55.7006454
576 -10.6621085 -55.7017691
577 -10.6618371 -55.7015716
578 -10.6617350 -55.7014215
579 -10.6618725 -55.7018539
580 -10.6614085 -55.7010570
581 -10.6613724 -55.7019051
582 -10.6621084 -55.7011240
583 -10.6610981 -55.7010126
584 -10.6613647 -55.7018155
585 -10.6607604 -55.7015807
586 -10.6615226 -55.7004353
587 -10.6613435 -55.7015460
588 -10.6622226 -55.7021032
589 -10.6618681 -55.7020998
590 -10.6615687 -55.7010982
591 -10.6620232 -55.7009494
592 -10.6622535 -55.7007149
593 -10.6625023 -55.7018828
594 -10.6610679 -55.7006985
595 -10.6618574 -55.7005422
596 -10.6624486 -55.7010686
597 -10.6622407 -55.7014005
598 -10.6617421 -55.7004044
599 -10.6608999 -55.7003550
600 -10.6614274 -55.7018595
