1	2	-72.95
1	3	-76.47
1	4	-88.59
1	5	-87.25
1	6	-85.08
1	7	-82.52
1	8	-82.20
1	9	-82.60
1	10	-87.57
1	11	-87.94
1	12	-88.80
1	13	-89.48
1	14	-90.19
1	15	-91.29
1	16	-89.73
1	17	-86.46
1	18	-80.19
1	19	-83.75
1	20	-83.79
2	1	-72.95
2	3	-80.47
2	4	-89.49
2	5	-87.91
2	6	-85.74
2	7	-82.22
2	8	-80.05
2	9	-79.51
2	10	-85.96
2	11	-86.72
2	12	-87.98
2	13	-88.97
2	14	-89.85
2	15	-91.11
2	16	-89.77
2	17	-86.87
2	18	-78.63
2	19	-85.08
2	20	-83.21
3	1	-76.47
3	2	-80.47
3	4	-86.24
3	5	-85.06
3	6	-82.69
3	7	-81.98
3	8	-83.86
3	9	-85.11
3	10	-88.93
3	11	-88.73
3	12	-89.08
3	13	-89.35
3	14	-89.83
3	15	-90.76
3	16	-88.78
3	17	-84.65
3	18	-81.55
3	19	-79.79
3	20	-83.57
4	1	-88.59
4	2	-89.49
4	3	-86.24
4	5	-79.21
4	6	-82.52
4	7	-86.77
4	8	-89.25
4	9	-90.53
4	10	-92.20
4	11	-91.21
4	12	-90.51
4	13	-89.68
4	14	-89.27
4	15	-89.21
4	16	-86.18
4	17	-82.92
4	18	-88.22
4	19	-81.58
4	20	-87.30
5	1	-87.25
5	2	-87.91
5	3	-85.06
5	4	-79.21
5	6	-75.06
5	7	-83.06
5	8	-86.67
5	9	-88.46
5	10	-90.22
5	11	-88.80
5	12	-87.76
5	13	-86.62
5	14	-86.18
5	15	-86.48
5	16	-81.98
5	17	-73.92
5	18	-85.50
5	19	-78.30
5	20	-83.53
6	1	-85.08
6	2	-85.74
6	3	-82.69
6	4	-82.52
6	5	-75.06
6	7	-78.78
6	8	-84.09
6	9	-86.39
6	10	-88.75
6	11	-87.30
6	12	-86.48
6	13	-85.74
6	14	-85.81
6	15	-86.77
6	16	-82.96
6	17	-70.91
6	18	-82.41
6	19	-74.56
6	20	-79.85
7	1	-82.52
7	2	-82.22
7	3	-81.98
7	4	-86.77
7	5	-83.06
7	6	-78.78
7	8	-77.30
7	9	-81.77
7	10	-85.61
7	11	-84.10
7	12	-84.09
7	13	-84.55
7	14	-85.58
7	15	-87.36
7	16	-85.06
7	17	-80.11
7	18	-73.92
7	19	-80.75
7	20	-68.07
8	1	-82.20
8	2	-80.05
8	3	-83.86
8	4	-89.25
8	5	-86.67
8	6	-84.09
8	7	-77.30
8	9	-74.09
8	10	-82.05
8	11	-81.64
8	12	-83.53
8	13	-85.29
8	14	-86.77
8	15	-88.67
8	16	-87.41
8	17	-84.75
8	18	-71.55
8	19	-84.89
8	20	-76.93
9	1	-82.60
9	2	-79.51
9	3	-85.11
9	4	-90.53
9	5	-88.46
9	6	-86.39
9	7	-81.77
9	8	-74.09
9	10	-80.37
9	11	-82.24
9	12	-84.92
9	13	-86.85
9	14	-88.24
9	15	-89.94
9	16	-89.05
9	17	-86.97
9	18	-77.90
9	19	-86.80
9	20	-81.64
10	1	-87.57
10	2	-85.96
10	3	-88.93
10	4	-92.20
10	5	-90.22
10	6	-88.75
10	7	-85.61
10	8	-82.05
10	9	-80.37
10	11	-77.46
10	12	-82.88
10	13	-85.96
10	14	-87.72
10	15	-89.63
10	16	-89.59
10	17	-88.82
10	18	-84.32
10	19	-89.51
10	20	-84.89
11	1	-87.94
11	2	-86.72
11	3	-88.73
11	4	-91.21
11	5	-88.80
11	6	-87.30
11	7	-84.10
11	8	-81.64
11	9	-82.24
11	10	-77.46
11	12	-76.22
11	13	-81.88
11	14	-84.56
11	15	-87.18
11	16	-87.36
11	17	-87.07
11	18	-83.75
11	19	-88.54
11	20	-82.82
12	1	-88.80
12	2	-87.98
12	3	-89.08
12	4	-90.51
12	5	-87.76
12	6	-86.48
12	7	-84.09
12	8	-83.53
12	9	-84.92
12	10	-82.88
12	11	-76.22
12	13	-75.62
12	14	-80.45
12	15	-84.32
12	16	-85.06
12	17	-85.83
12	18	-84.78
12	19	-88.15
12	20	-82.60
13	1	-89.48
13	2	-88.97
13	3	-89.35
13	4	-89.68
13	5	-86.62
13	6	-85.74
13	7	-84.55
13	8	-85.29
13	9	-86.85
13	10	-85.96
13	11	-81.88
13	12	-75.62
13	14	-73.06
13	15	-80.37
13	16	-82.03
13	17	-84.61
13	18	-85.89
13	19	-87.77
13	20	-83.21
14	1	-90.19
14	2	-89.85
14	3	-89.83
14	4	-89.27
14	5	-86.18
14	6	-85.81
14	7	-85.58
14	8	-86.77
14	9	-88.24
14	10	-87.72
14	11	-84.56
14	12	-80.45
14	13	-73.06
14	15	-75.50
14	16	-79.60
14	17	-84.39
14	18	-87.07
14	19	-87.90
14	20	-84.53
15	1	-91.29
15	2	-91.11
15	3	-90.76
15	4	-89.21
15	5	-86.48
15	6	-86.77
15	7	-87.36
15	8	-88.67
15	9	-89.94
15	10	-89.63
15	11	-87.18
15	12	-84.32
15	13	-80.37
15	14	-75.50
15	16	-78.66
15	17	-85.31
15	18	-88.76
15	19	-88.66
15	20	-86.64
16	1	-89.73
16	2	-89.77
16	3	-88.78
16	4	-86.18
16	5	-81.98
16	6	-82.96
16	7	-85.06
16	8	-87.41
16	9	-89.05
16	10	-89.59
16	11	-87.36
16	12	-85.06
16	13	-82.03
16	14	-79.60
16	15	-78.66
16	17	-80.47
16	18	-87.10
16	19	-85.65
16	20	-84.48
17	1	-86.46
17	2	-86.87
17	3	-84.65
17	4	-82.92
17	5	-73.92
17	6	-70.91
17	7	-80.11
17	8	-84.75
17	9	-86.97
17	10	-88.82
17	11	-87.07
17	12	-85.83
17	13	-84.61
17	14	-84.39
17	15	-85.31
17	16	-80.47
17	18	-83.54
17	19	-78.78
17	20	-80.37
18	1	-80.19
18	2	-78.63
18	3	-81.55
18	4	-88.22
18	5	-85.50
18	6	-82.41
18	7	-73.92
18	8	-71.55
18	9	-77.90
18	10	-84.32
18	11	-83.75
18	12	-84.78
18	13	-85.89
18	14	-87.07
18	15	-88.76
18	16	-87.10
18	17	-83.54
18	19	-82.96
18	20	-75.56
19	1	-83.75
19	2	-85.08
19	3	-79.79
19	4	-81.58
19	5	-78.30
19	6	-74.56
19	7	-80.75
19	8	-84.89
19	9	-86.80
19	10	-89.51
19	11	-88.54
19	12	-88.15
19	13	-87.77
19	14	-87.90
19	15	-88.66
19	16	-85.65
19	17	-78.78
19	18	-82.96
19	20	-82.22
20	1	-83.79
20	2	-83.21
20	3	-83.57
20	4	-87.30
20	5	-83.53
20	6	-79.85
20	7	-68.07
20	8	-76.93
20	9	-81.64
20	10	-84.89
20	11	-82.82
20	12	-82.60
20	13	-83.21
20	14	-84.53
20	15	-86.64
20	16	-84.48
20	17	-80.37
20	18	-75.56
20	19	-82.22
